	1	2	3	4	5	6	7	8	9	10	11	12	13	14	15	16	17	18	19	20	21	22	23	24	
1	0	
2	3	0	
3	2	2	0	
4	2	2	2	0	
5	2	2	2	2	0	
6	2	2	2	2	3	0	
7	2	2	2	3	1	2	0	
8	2	3	2	2	2	2	2	0	
9	2	3	1	2	2	2	2	2	0	
10	2	2	2	2	2	2	1	2	2	0	
11	3	2	3	2	2	2	2	2	2	2	0	
12	2	2	2	2	2	2	2	2	1	2	2	0	
13	2	2	1	2	1	2	2	3	3	2	3	3	0	
14	2	2	2	2	3	1	2	2	3	2	2	2	2	0	
15	3	2	3	2	3	2	2	2	1	2	2	2	3	2	0	
16	2	2	2	2	2	2	2	2	3	2	2	2	2	2	2	0	
17	3	2	2	2	2	2	2	2	2	2	2	2	2	2	2	2	0	
18	2	2	2	1	2	2	2	2	2	2	2	2	2	2	1	2	2	0	
19	2	2	1	2	3	2	2	3	2	3	2	2	2	1	3	1	2	2	0	
20	2	1	2	1	2	2	2	2	2	3	3	2	2	2	2	2	2	2	2	0	
21	2	2	4	2	2	4	2	2	2	2	2	2	2	2	1	2	2	2	2	2	0	
22	4	2	2	4	2	2	4	2	1	3	3	2	2	2	2	2	3	3	3	2	2	0	
23	3	4	2	2	4	2	2	2	2	2	2	2	2	2	1	1	2	2	1	2	2	2	0	
24	2	3	4	2	2	4	2	1	2	2	2	2	2	2	2	1	2	2	3	2	2	1	2	0	
